spawns: 
  newbies: 
    world: spawn
    x: -16.0
    y: 61.0
    z: 1.0
    yaw: 133.04971
    pitch: -1.1999997
  default: 
    world: spawn
    x: -4.343235131952607
    y: 65.0
    z: 0.777585640553947
    yaw: 96.00022
    pitch: 11.6998825
  owner: 
    world: spawn
    x: -9.543383878336451
    y: 62.0
    z: 0.36964741435856435
    yaw: 89.550156
    pitch: 87.599976
  admin: 
    world: spawn
    x: -9.543383878336451
    y: 62.0
    z: 0.3696474143585643
    yaw: 87.75014
    pitch: 84.44994
