spawns: 
  newbies: 
    world: world
    x: -13.381659872035435
    y: 64.0
    z: 22.48730038336397
    yaw: -38.234127
    pitch: 1.5000482